class: !!python/name:simulator.CityOgreSimulator ''
dof_limits: [[-76, 15.7, -275, -1.5707963267948966, -1.5707963267948966], [-26, 65.7, 275, 0, 1.5707963267948966]]
dof_vel_limits: [[-2, -2, -2, -0.09817477042468103, -0.09817477042468103], [2, 2, 2, 0.09817477042468103, 0.09817477042468103]]
